1:1:[1]1
2:3:[1, 3]2
3:6:[1, 2, 3, 6]4
4:10:[1, 2, 5, 10]4
5:15:[1, 3, 5, 15]4
6:21:[1, 3, 7, 21]4
7:28:[1, 2, 4, 7, 14, 28]6
8:36:[1, 2, 3, 4, 6, 9, 12, 18, 36]9
9:45:[1, 3, 5, 9, 15, 45]6
10:55:[1, 5, 11, 55]4
11:66:[1, 2, 3, 6, 11, 22, 33, 66]8
12:78:[1, 2, 3, 6, 13, 26, 39, 78]8
13:91:[1, 7, 13, 91]4
14:105:[1, 3, 5, 7, 15, 21, 35, 105]8
15:120:[1, 2, 3, 4, 5, 6, 8, 10, 12, 15, 20, 24, 30, 40, 60, 120]16
16:136:[1, 2, 4, 8, 17, 34, 68, 136]8
17:153:[1, 3, 9, 17, 51, 153]6
18:171:[1, 3, 9, 19, 57, 171]6
19:190:[1, 2, 5, 10, 19, 38, 95, 190]8
20:210:[1, 2, 3, 5, 6, 7, 10, 14, 15, 21, 30, 35, 42, 70, 105, 210]16
21:231:[1, 3, 7, 11, 21, 33, 77, 231]8
22:253:[1, 11, 23, 253]4
23:276:[1, 2, 3, 4, 6, 12, 23, 46, 69, 92, 138, 276]12
24:300:[1, 2, 3, 4, 5, 6, 10, 12, 15, 20, 25, 30, 50, 60, 75, 100, 150, 300]18
25:325:[1, 5, 13, 25, 65, 325]6
26:351:[1, 3, 9, 13, 27, 39, 117, 351]8
27:378:[1, 2, 3, 6, 7, 9, 14, 18, 21, 27, 42, 54, 63, 126, 189, 378]16
28:406:[1, 2, 7, 14, 29, 58, 203, 406]8
29:435:[1, 3, 5, 15, 29, 87, 145, 435]8
30:465:[1, 3, 5, 15, 31, 93, 155, 465]8
31:496:[1, 2, 4, 8, 16, 31, 62, 124, 248, 496]10
32:528:[1, 2, 3, 4, 6, 8, 11, 12, 16, 22, 24, 33, 44, 48, 66, 88, 132, 176, 264, 528]20
33:561:[1, 3, 11, 17, 33, 51, 187, 561]8
34:595:[1, 5, 7, 17, 35, 85, 119, 595]8
35:630:[1, 2, 3, 5, 6, 7, 9, 10, 14, 15, 18, 21, 30, 35, 42, 45, 63, 70, 90, 105, 126, 210, 315, 630]24
36:666:[1, 2, 3, 6, 9, 18, 37, 74, 111, 222, 333, 666]12
37:703:[1, 19, 37, 703]4
38:741:[1, 3, 13, 19, 39, 57, 247, 741]8
39:780:[1, 2, 3, 4, 5, 6, 10, 12, 13, 15, 20, 26, 30, 39, 52, 60, 65, 78, 130, 156, 195, 260, 390, 780]24
40:820:[1, 2, 4, 5, 10, 20, 41, 82, 164, 205, 410, 820]12
41:861:[1, 3, 7, 21, 41, 123, 287, 861]8
42:903:[1, 3, 7, 21, 43, 129, 301, 903]8
43:946:[1, 2, 11, 22, 43, 86, 473, 946]8
44:990:[1, 2, 3, 5, 6, 9, 10, 11, 15, 18, 22, 30, 33, 45, 55, 66, 90, 99, 110, 165, 198, 330, 495, 990]24
45:1035:[1, 3, 5, 9, 15, 23, 45, 69, 115, 207, 345, 1035]12
46:1081:[1, 23, 47, 1081]4
47:1128:[1, 2, 3, 4, 6, 8, 12, 24, 47, 94, 141, 188, 282, 376, 564, 1128]16
48:1176:[1, 2, 3, 4, 6, 7, 8, 12, 14, 21, 24, 28, 42, 49, 56, 84, 98, 147, 168, 196, 294, 392, 588, 1176]24
49:1225:[1, 5, 7, 25, 35, 49, 175, 245, 1225]9
50:1275:[1, 3, 5, 15, 17, 25, 51, 75, 85, 255, 425, 1275]12
51:1326:[1, 2, 3, 6, 13, 17, 26, 34, 39, 51, 78, 102, 221, 442, 663, 1326]16
52:1378:[1, 2, 13, 26, 53, 106, 689, 1378]8
53:1431:[1, 3, 9, 27, 53, 159, 477, 1431]8
54:1485:[1, 3, 5, 9, 11, 15, 27, 33, 45, 55, 99, 135, 165, 297, 495, 1485]16
55:1540:[1, 2, 4, 5, 7, 10, 11, 14, 20, 22, 28, 35, 44, 55, 70, 77, 110, 140, 154, 220, 308, 385, 770, 1540]24
56:1596:[1, 2, 3, 4, 6, 7, 12, 14, 19, 21, 28, 38, 42, 57, 76, 84, 114, 133, 228, 266, 399, 532, 798, 1596]24
57:1653:[1, 3, 19, 29, 57, 87, 551, 1653]8
58:1711:[1, 29, 59, 1711]4
59:1770:[1, 2, 3, 5, 6, 10, 15, 30, 59, 118, 177, 295, 354, 590, 885, 1770]16
60:1830:[1, 2, 3, 5, 6, 10, 15, 30, 61, 122, 183, 305, 366, 610, 915, 1830]16
61:1891:[1, 31, 61, 1891]4
62:1953:[1, 3, 7, 9, 21, 31, 63, 93, 217, 279, 651, 1953]12
63:2016:[1, 2, 3, 4, 6, 7, 8, 9, 12, 14, 16, 18, 21, 24, 28, 32, 36, 42, 48, 56, 63, 72, 84, 96, 112, 126, 144, 168, 224, 252, 288, 336, 504, 672, 1008, 2016]36
64:2080:[1, 2, 4, 5, 8, 10, 13, 16, 20, 26, 32, 40, 52, 65, 80, 104, 130, 160, 208, 260, 416, 520, 1040, 2080]24
65:2145:[1, 3, 5, 11, 13, 15, 33, 39, 55, 65, 143, 165, 195, 429, 715, 2145]16
66:2211:[1, 3, 11, 33, 67, 201, 737, 2211]8
67:2278:[1, 2, 17, 34, 67, 134, 1139, 2278]8
68:2346:[1, 2, 3, 6, 17, 23, 34, 46, 51, 69, 102, 138, 391, 782, 1173, 2346]16
69:2415:[1, 3, 5, 7, 15, 21, 23, 35, 69, 105, 115, 161, 345, 483, 805, 2415]16
70:2485:[1, 5, 7, 35, 71, 355, 497, 2485]8
71:2556:[1, 2, 3, 4, 6, 9, 12, 18, 36, 71, 142, 213, 284, 426, 639, 852, 1278, 2556]18
72:2628:[1, 2, 3, 4, 6, 9, 12, 18, 36, 73, 146, 219, 292, 438, 657, 876, 1314, 2628]18
73:2701:[1, 37, 73, 2701]4
74:2775:[1, 3, 5, 15, 25, 37, 75, 111, 185, 555, 925, 2775]12
75:2850:[1, 2, 3, 5, 6, 10, 15, 19, 25, 30, 38, 50, 57, 75, 95, 114, 150, 190, 285, 475, 570, 950, 1425, 2850]24
76:2926:[1, 2, 7, 11, 14, 19, 22, 38, 77, 133, 154, 209, 266, 418, 1463, 2926]16
77:3003:[1, 3, 7, 11, 13, 21, 33, 39, 77, 91, 143, 231, 273, 429, 1001, 3003]16
78:3081:[1, 3, 13, 39, 79, 237, 1027, 3081]8
79:3160:[1, 2, 4, 5, 8, 10, 20, 40, 79, 158, 316, 395, 632, 790, 1580, 3160]16
80:3240:[1, 2, 3, 4, 5, 6, 8, 9, 10, 12, 15, 18, 20, 24, 27, 30, 36, 40, 45, 54, 60, 72, 81, 90, 108, 120, 135, 162, 180, 216, 270, 324, 360, 405, 540, 648, 810, 1080, 1620, 3240]40
81:3321:[1, 3, 9, 27, 41, 81, 123, 369, 1107, 3321]10
82:3403:[1, 41, 83, 3403]4
83:3486:[1, 2, 3, 6, 7, 14, 21, 42, 83, 166, 249, 498, 581, 1162, 1743, 3486]16
84:3570:[1, 2, 3, 5, 6, 7, 10, 14, 15, 17, 21, 30, 34, 35, 42, 51, 70, 85, 102, 105, 119, 170, 210, 238, 255, 357, 510, 595, 714, 1190, 1785, 3570]32
85:3655:[1, 5, 17, 43, 85, 215, 731, 3655]8
86:3741:[1, 3, 29, 43, 87, 129, 1247, 3741]8
87:3828:[1, 2, 3, 4, 6, 11, 12, 22, 29, 33, 44, 58, 66, 87, 116, 132, 174, 319, 348, 638, 957, 1276, 1914, 3828]24
88:3916:[1, 2, 4, 11, 22, 44, 89, 178, 356, 979, 1958, 3916]12
89:4005:[1, 3, 5, 9, 15, 45, 89, 267, 445, 801, 1335, 4005]12
90:4095:[1, 3, 5, 7, 9, 13, 15, 21, 35, 39, 45, 63, 65, 91, 105, 117, 195, 273, 315, 455, 585, 819, 1365, 4095]24
91:4186:[1, 2, 7, 13, 14, 23, 26, 46, 91, 161, 182, 299, 322, 598, 2093, 4186]16
92:4278:[1, 2, 3, 6, 23, 31, 46, 62, 69, 93, 138, 186, 713, 1426, 2139, 4278]16
93:4371:[1, 3, 31, 47, 93, 141, 1457, 4371]8
94:4465:[1, 5, 19, 47, 95, 235, 893, 4465]8
95:4560:[1, 2, 3, 4, 5, 6, 8, 10, 12, 15, 16, 19, 20, 24, 30, 38, 40, 48, 57, 60, 76, 80, 95, 114, 120, 152, 190, 228, 240, 285, 304, 380, 456, 570, 760, 912, 1140, 1520, 2280, 4560]40
96:4656:[1, 2, 3, 4, 6, 8, 12, 16, 24, 48, 97, 194, 291, 388, 582, 776, 1164, 1552, 2328, 4656]20
97:4753:[1, 7, 49, 97, 679, 4753]6
98:4851:[1, 3, 7, 9, 11, 21, 33, 49, 63, 77, 99, 147, 231, 441, 539, 693, 1617, 4851]18
99:4950:[1, 2, 3, 5, 6, 9, 10, 11, 15, 18, 22, 25, 30, 33, 45, 50, 55, 66, 75, 90, 99, 110, 150, 165, 198, 225, 275, 330, 450, 495, 550, 825, 990, 1650, 2475, 4950]36
100:5050:[1, 2, 5, 10, 25, 50, 101, 202, 505, 1010, 2525, 5050]12
101:5151:[1, 3, 17, 51, 101, 303, 1717, 5151]8
102:5253:[1, 3, 17, 51, 103, 309, 1751, 5253]8
103:5356:[1, 2, 4, 13, 26, 52, 103, 206, 412, 1339, 2678, 5356]12
104:5460:[1, 2, 3, 4, 5, 6, 7, 10, 12, 13, 14, 15, 20, 21, 26, 28, 30, 35, 39, 42, 52, 60, 65, 70, 78, 84, 91, 105, 130, 140, 156, 182, 195, 210, 260, 273, 364, 390, 420, 455, 546, 780, 910, 1092, 1365, 1820, 2730, 5460]48
105:5565:[1, 3, 5, 7, 15, 21, 35, 53, 105, 159, 265, 371, 795, 1113, 1855, 5565]16
106:5671:[1, 53, 107, 5671]4
107:5778:[1, 2, 3, 6, 9, 18, 27, 54, 107, 214, 321, 642, 963, 1926, 2889, 5778]16
108:5886:[1, 2, 3, 6, 9, 18, 27, 54, 109, 218, 327, 654, 981, 1962, 2943, 5886]16
109:5995:[1, 5, 11, 55, 109, 545, 1199, 5995]8
110:6105:[1, 3, 5, 11, 15, 33, 37, 55, 111, 165, 185, 407, 555, 1221, 2035, 6105]16
111:6216:[1, 2, 3, 4, 6, 7, 8, 12, 14, 21, 24, 28, 37, 42, 56, 74, 84, 111, 148, 168, 222, 259, 296, 444, 518, 777, 888, 1036, 1554, 2072, 3108, 6216]32
112:6328:[1, 2, 4, 7, 8, 14, 28, 56, 113, 226, 452, 791, 904, 1582, 3164, 6328]16
113:6441:[1, 3, 19, 57, 113, 339, 2147, 6441]8
114:6555:[1, 3, 5, 15, 19, 23, 57, 69, 95, 115, 285, 345, 437, 1311, 2185, 6555]16
115:6670:[1, 2, 5, 10, 23, 29, 46, 58, 115, 145, 230, 290, 667, 1334, 3335, 6670]16
116:6786:[1, 2, 3, 6, 9, 13, 18, 26, 29, 39, 58, 78, 87, 117, 174, 234, 261, 377, 522, 754, 1131, 2262, 3393, 6786]24
117:6903:[1, 3, 9, 13, 39, 59, 117, 177, 531, 767, 2301, 6903]12
118:7021:[1, 7, 17, 59, 119, 413, 1003, 7021]8
119:7140:[1, 2, 3, 4, 5, 6, 7, 10, 12, 14, 15, 17, 20, 21, 28, 30, 34, 35, 42, 51, 60, 68, 70, 84, 85, 102, 105, 119, 140, 170, 204, 210, 238, 255, 340, 357, 420, 476, 510, 595, 714, 1020, 1190, 1428, 1785, 2380, 3570, 7140]48
120:7260:[1, 2, 3, 4, 5, 6, 10, 11, 12, 15, 20, 22, 30, 33, 44, 55, 60, 66, 110, 121, 132, 165, 220, 242, 330, 363, 484, 605, 660, 726, 1210, 1452, 1815, 2420, 3630, 7260]36
121:7381:[1, 11, 61, 121, 671, 7381]6
122:7503:[1, 3, 41, 61, 123, 183, 2501, 7503]8
123:7626:[1, 2, 3, 6, 31, 41, 62, 82, 93, 123, 186, 246, 1271, 2542, 3813, 7626]16
124:7750:[1, 2, 5, 10, 25, 31, 50, 62, 125, 155, 250, 310, 775, 1550, 3875, 7750]16
125:7875:[1, 3, 5, 7, 9, 15, 21, 25, 35, 45, 63, 75, 105, 125, 175, 225, 315, 375, 525, 875, 1125, 1575, 2625, 7875]24
126:8001:[1, 3, 7, 9, 21, 63, 127, 381, 889, 1143, 2667, 8001]12
127:8128:[1, 2, 4, 8, 16, 32, 64, 127, 254, 508, 1016, 2032, 4064, 8128]14
128:8256:[1, 2, 3, 4, 6, 8, 12, 16, 24, 32, 43, 48, 64, 86, 96, 129, 172, 192, 258, 344, 516, 688, 1032, 1376, 2064, 2752, 4128, 8256]28
129:8385:[1, 3, 5, 13, 15, 39, 43, 65, 129, 195, 215, 559, 645, 1677, 2795, 8385]16
130:8515:[1, 5, 13, 65, 131, 655, 1703, 8515]8
131:8646:[1, 2, 3, 6, 11, 22, 33, 66, 131, 262, 393, 786, 1441, 2882, 4323, 8646]16
132:8778:[1, 2, 3, 6, 7, 11, 14, 19, 21, 22, 33, 38, 42, 57, 66, 77, 114, 133, 154, 209, 231, 266, 399, 418, 462, 627, 798, 1254, 1463, 2926, 4389, 8778]32
133:8911:[1, 7, 19, 67, 133, 469, 1273, 8911]8
134:9045:[1, 3, 5, 9, 15, 27, 45, 67, 135, 201, 335, 603, 1005, 1809, 3015, 9045]16
135:9180:[1, 2, 3, 4, 5, 6, 9, 10, 12, 15, 17, 18, 20, 27, 30, 34, 36, 45, 51, 54, 60, 68, 85, 90, 102, 108, 135, 153, 170, 180, 204, 255, 270, 306, 340, 459, 510, 540, 612, 765, 918, 1020, 1530, 1836, 2295, 3060, 4590, 9180]48
136:9316:[1, 2, 4, 17, 34, 68, 137, 274, 548, 2329, 4658, 9316]12
137:9453:[1, 3, 23, 69, 137, 411, 3151, 9453]8
138:9591:[1, 3, 23, 69, 139, 417, 3197, 9591]8
139:9730:[1, 2, 5, 7, 10, 14, 35, 70, 139, 278, 695, 973, 1390, 1946, 4865, 9730]16
140:9870:[1, 2, 3, 5, 6, 7, 10, 14, 15, 21, 30, 35, 42, 47, 70, 94, 105, 141, 210, 235, 282, 329, 470, 658, 705, 987, 1410, 1645, 1974, 3290, 4935, 9870]32
141:10011:[1, 3, 47, 71, 141, 213, 3337, 10011]8
142:10153:[1, 11, 13, 71, 143, 781, 923, 10153]8
143:10296:[1, 2, 3, 4, 6, 8, 9, 11, 12, 13, 18, 22, 24, 26, 33, 36, 39, 44, 52, 66, 72, 78, 88, 99, 104, 117, 132, 143, 156, 198, 234, 264, 286, 312, 396, 429, 468, 572, 792, 858, 936, 1144, 1287, 1716, 2574, 3432, 5148, 10296]48
144:10440:[1, 2, 3, 4, 5, 6, 8, 9, 10, 12, 15, 18, 20, 24, 29, 30, 36, 40, 45, 58, 60, 72, 87, 90, 116, 120, 145, 174, 180, 232, 261, 290, 348, 360, 435, 522, 580, 696, 870, 1044, 1160, 1305, 1740, 2088, 2610, 3480, 5220, 10440]48
145:10585:[1, 5, 29, 73, 145, 365, 2117, 10585]8
146:10731:[1, 3, 7, 21, 49, 73, 147, 219, 511, 1533, 3577, 10731]12
147:10878:[1, 2, 3, 6, 7, 14, 21, 37, 42, 49, 74, 98, 111, 147, 222, 259, 294, 518, 777, 1554, 1813, 3626, 5439, 10878]24
148:11026:[1, 2, 37, 74, 149, 298, 5513, 11026]8
149:11175:[1, 3, 5, 15, 25, 75, 149, 447, 745, 2235, 3725, 11175]12
150:11325:[1, 3, 5, 15, 25, 75, 151, 453, 755, 2265, 3775, 11325]12
151:11476:[1, 2, 4, 19, 38, 76, 151, 302, 604, 2869, 5738, 11476]12
152:11628:[1, 2, 3, 4, 6, 9, 12, 17, 18, 19, 34, 36, 38, 51, 57, 68, 76, 102, 114, 153, 171, 204, 228, 306, 323, 342, 612, 646, 684, 969, 1292, 1938, 2907, 3876, 5814, 11628]36
153:11781:[1, 3, 7, 9, 11, 17, 21, 33, 51, 63, 77, 99, 119, 153, 187, 231, 357, 561, 693, 1071, 1309, 1683, 3927, 11781]24
154:11935:[1, 5, 7, 11, 31, 35, 55, 77, 155, 217, 341, 385, 1085, 1705, 2387, 11935]16
155:12090:[1, 2, 3, 5, 6, 10, 13, 15, 26, 30, 31, 39, 62, 65, 78, 93, 130, 155, 186, 195, 310, 390, 403, 465, 806, 930, 1209, 2015, 2418, 4030, 6045, 12090]32
156:12246:[1, 2, 3, 6, 13, 26, 39, 78, 157, 314, 471, 942, 2041, 4082, 6123, 12246]16
157:12403:[1, 79, 157, 12403]4
158:12561:[1, 3, 53, 79, 159, 237, 4187, 12561]8
159:12720:[1, 2, 3, 4, 5, 6, 8, 10, 12, 15, 16, 20, 24, 30, 40, 48, 53, 60, 80, 106, 120, 159, 212, 240, 265, 318, 424, 530, 636, 795, 848, 1060, 1272, 1590, 2120, 2544, 3180, 4240, 6360, 12720]40
160:12880:[1, 2, 4, 5, 7, 8, 10, 14, 16, 20, 23, 28, 35, 40, 46, 56, 70, 80, 92, 112, 115, 140, 161, 184, 230, 280, 322, 368, 460, 560, 644, 805, 920, 1288, 1610, 1840, 2576, 3220, 6440, 12880]40
161:13041:[1, 3, 7, 9, 21, 23, 27, 63, 69, 81, 161, 189, 207, 483, 567, 621, 1449, 1863, 4347, 13041]20
162:13203:[1, 3, 9, 27, 81, 163, 489, 1467, 4401, 13203]10
163:13366:[1, 2, 41, 82, 163, 326, 6683, 13366]8
164:13530:[1, 2, 3, 5, 6, 10, 11, 15, 22, 30, 33, 41, 55, 66, 82, 110, 123, 165, 205, 246, 330, 410, 451, 615, 902, 1230, 1353, 2255, 2706, 4510, 6765, 13530]32
165:13695:[1, 3, 5, 11, 15, 33, 55, 83, 165, 249, 415, 913, 1245, 2739, 4565, 13695]16
166:13861:[1, 83, 167, 13861]4
167:14028:[1, 2, 3, 4, 6, 7, 12, 14, 21, 28, 42, 84, 167, 334, 501, 668, 1002, 1169, 2004, 2338, 3507, 4676, 7014, 14028]24
168:14196:[1, 2, 3, 4, 6, 7, 12, 13, 14, 21, 26, 28, 39, 42, 52, 78, 84, 91, 156, 169, 182, 273, 338, 364, 507, 546, 676, 1014, 1092, 1183, 2028, 2366, 3549, 4732, 7098, 14196]36
169:14365:[1, 5, 13, 17, 65, 85, 169, 221, 845, 1105, 2873, 14365]12
170:14535:[1, 3, 5, 9, 15, 17, 19, 45, 51, 57, 85, 95, 153, 171, 255, 285, 323, 765, 855, 969, 1615, 2907, 4845, 14535]24
171:14706:[1, 2, 3, 6, 9, 18, 19, 38, 43, 57, 86, 114, 129, 171, 258, 342, 387, 774, 817, 1634, 2451, 4902, 7353, 14706]24
172:14878:[1, 2, 43, 86, 173, 346, 7439, 14878]8
173:15051:[1, 3, 29, 87, 173, 519, 5017, 15051]8
174:15225:[1, 3, 5, 7, 15, 21, 25, 29, 35, 75, 87, 105, 145, 175, 203, 435, 525, 609, 725, 1015, 2175, 3045, 5075, 15225]24
175:15400:[1, 2, 4, 5, 7, 8, 10, 11, 14, 20, 22, 25, 28, 35, 40, 44, 50, 55, 56, 70, 77, 88, 100, 110, 140, 154, 175, 200, 220, 275, 280, 308, 350, 385, 440, 550, 616, 700, 770, 1100, 1400, 1540, 1925, 2200, 3080, 3850, 7700, 15400]48
176:15576:[1, 2, 3, 4, 6, 8, 11, 12, 22, 24, 33, 44, 59, 66, 88, 118, 132, 177, 236, 264, 354, 472, 649, 708, 1298, 1416, 1947, 2596, 3894, 5192, 7788, 15576]32
177:15753:[1, 3, 59, 89, 177, 267, 5251, 15753]8
178:15931:[1, 89, 179, 15931]4
179:16110:[1, 2, 3, 5, 6, 9, 10, 15, 18, 30, 45, 90, 179, 358, 537, 895, 1074, 1611, 1790, 2685, 3222, 5370, 8055, 16110]24
180:16290:[1, 2, 3, 5, 6, 9, 10, 15, 18, 30, 45, 90, 181, 362, 543, 905, 1086, 1629, 1810, 2715, 3258, 5430, 8145, 16290]24
181:16471:[1, 7, 13, 91, 181, 1267, 2353, 16471]8
182:16653:[1, 3, 7, 13, 21, 39, 61, 91, 183, 273, 427, 793, 1281, 2379, 5551, 16653]16
183:16836:[1, 2, 3, 4, 6, 12, 23, 46, 61, 69, 92, 122, 138, 183, 244, 276, 366, 732, 1403, 2806, 4209, 5612, 8418, 16836]24
184:17020:[1, 2, 4, 5, 10, 20, 23, 37, 46, 74, 92, 115, 148, 185, 230, 370, 460, 740, 851, 1702, 3404, 4255, 8510, 17020]24
185:17205:[1, 3, 5, 15, 31, 37, 93, 111, 155, 185, 465, 555, 1147, 3441, 5735, 17205]16
186:17391:[1, 3, 11, 17, 31, 33, 51, 93, 187, 341, 527, 561, 1023, 1581, 5797, 17391]16
187:17578:[1, 2, 11, 17, 22, 34, 47, 94, 187, 374, 517, 799, 1034, 1598, 8789, 17578]16
188:17766:[1, 2, 3, 6, 7, 9, 14, 18, 21, 27, 42, 47, 54, 63, 94, 126, 141, 189, 282, 329, 378, 423, 658, 846, 987, 1269, 1974, 2538, 2961, 5922, 8883, 17766]32
189:17955:[1, 3, 5, 7, 9, 15, 19, 21, 27, 35, 45, 57, 63, 95, 105, 133, 135, 171, 189, 285, 315, 399, 513, 665, 855, 945, 1197, 1995, 2565, 3591, 5985, 17955]32
190:18145:[1, 5, 19, 95, 191, 955, 3629, 18145]8
191:18336:[1, 2, 3, 4, 6, 8, 12, 16, 24, 32, 48, 96, 191, 382, 573, 764, 1146, 1528, 2292, 3056, 4584, 6112, 9168, 18336]24
192:18528:[1, 2, 3, 4, 6, 8, 12, 16, 24, 32, 48, 96, 193, 386, 579, 772, 1158, 1544, 2316, 3088, 4632, 6176, 9264, 18528]24
193:18721:[1, 97, 193, 18721]4
194:18915:[1, 3, 5, 13, 15, 39, 65, 97, 195, 291, 485, 1261, 1455, 3783, 6305, 18915]16
195:19110:[1, 2, 3, 5, 6, 7, 10, 13, 14, 15, 21, 26, 30, 35, 39, 42, 49, 65, 70, 78, 91, 98, 105, 130, 147, 182, 195, 210, 245, 273, 294, 390, 455, 490, 546, 637, 735, 910, 1274, 1365, 1470, 1911, 2730, 3185, 3822, 6370, 9555, 19110]48
196:19306:[1, 2, 7, 14, 49, 98, 197, 394, 1379, 2758, 9653, 19306]12
197:19503:[1, 3, 9, 11, 33, 99, 197, 591, 1773, 2167, 6501, 19503]12
198:19701:[1, 3, 9, 11, 33, 99, 199, 597, 1791, 2189, 6567, 19701]12
199:19900:[1, 2, 4, 5, 10, 20, 25, 50, 100, 199, 398, 796, 995, 1990, 3980, 4975, 9950, 19900]18
200:20100:[1, 2, 3, 4, 5, 6, 10, 12, 15, 20, 25, 30, 50, 60, 67, 75, 100, 134, 150, 201, 268, 300, 335, 402, 670, 804, 1005, 1340, 1675, 2010, 3350, 4020, 5025, 6700, 10050, 20100]36
201:20301:[1, 3, 67, 101, 201, 303, 6767, 20301]8
202:20503:[1, 7, 29, 101, 203, 707, 2929, 20503]8
203:20706:[1, 2, 3, 6, 7, 14, 17, 21, 29, 34, 42, 51, 58, 87, 102, 119, 174, 203, 238, 357, 406, 493, 609, 714, 986, 1218, 1479, 2958, 3451, 6902, 10353, 20706]32
204:20910:[1, 2, 3, 5, 6, 10, 15, 17, 30, 34, 41, 51, 82, 85, 102, 123, 170, 205, 246, 255, 410, 510, 615, 697, 1230, 1394, 2091, 3485, 4182, 6970, 10455, 20910]32
205:21115:[1, 5, 41, 103, 205, 515, 4223, 21115]8
206:21321:[1, 3, 9, 23, 69, 103, 207, 309, 927, 2369, 7107, 21321]12
207:21528:[1, 2, 3, 4, 6, 8, 9, 12, 13, 18, 23, 24, 26, 36, 39, 46, 52, 69, 72, 78, 92, 104, 117, 138, 156, 184, 207, 234, 276, 299, 312, 414, 468, 552, 598, 828, 897, 936, 1196, 1656, 1794, 2392, 2691, 3588, 5382, 7176, 10764, 21528]48
208:21736:[1, 2, 4, 8, 11, 13, 19, 22, 26, 38, 44, 52, 76, 88, 104, 143, 152, 209, 247, 286, 418, 494, 572, 836, 988, 1144, 1672, 1976, 2717, 5434, 10868, 21736]32
209:21945:[1, 3, 5, 7, 11, 15, 19, 21, 33, 35, 55, 57, 77, 95, 105, 133, 165, 209, 231, 285, 385, 399, 627, 665, 1045, 1155, 1463, 1995, 3135, 4389, 7315, 21945]32
210:22155:[1, 3, 5, 7, 15, 21, 35, 105, 211, 633, 1055, 1477, 3165, 4431, 7385, 22155]16
211:22366:[1, 2, 53, 106, 211, 422, 11183, 22366]8
212:22578:[1, 2, 3, 6, 53, 71, 106, 142, 159, 213, 318, 426, 3763, 7526, 11289, 22578]16
213:22791:[1, 3, 71, 107, 213, 321, 7597, 22791]8
214:23005:[1, 5, 43, 107, 215, 535, 4601, 23005]8
215:23220:[1, 2, 3, 4, 5, 6, 9, 10, 12, 15, 18, 20, 27, 30, 36, 43, 45, 54, 60, 86, 90, 108, 129, 135, 172, 180, 215, 258, 270, 387, 430, 516, 540, 645, 774, 860, 1161, 1290, 1548, 1935, 2322, 2580, 3870, 4644, 5805, 7740, 11610, 23220]48
216:23436:[1, 2, 3, 4, 6, 7, 9, 12, 14, 18, 21, 27, 28, 31, 36, 42, 54, 62, 63, 84, 93, 108, 124, 126, 186, 189, 217, 252, 279, 372, 378, 434, 558, 651, 756, 837, 868, 1116, 1302, 1674, 1953, 2604, 3348, 3906, 5859, 7812, 11718, 23436]48
217:23653:[1, 7, 31, 109, 217, 763, 3379, 23653]8
218:23871:[1, 3, 73, 109, 219, 327, 7957, 23871]8
219:24090:[1, 2, 3, 5, 6, 10, 11, 15, 22, 30, 33, 55, 66, 73, 110, 146, 165, 219, 330, 365, 438, 730, 803, 1095, 1606, 2190, 2409, 4015, 4818, 8030, 12045, 24090]32
220:24310:[1, 2, 5, 10, 11, 13, 17, 22, 26, 34, 55, 65, 85, 110, 130, 143, 170, 187, 221, 286, 374, 442, 715, 935, 1105, 1430, 1870, 2210, 2431, 4862, 12155, 24310]32
221:24531:[1, 3, 13, 17, 37, 39, 51, 111, 221, 481, 629, 663, 1443, 1887, 8177, 24531]16
222:24753:[1, 3, 37, 111, 223, 669, 8251, 24753]8
223:24976:[1, 2, 4, 7, 8, 14, 16, 28, 56, 112, 223, 446, 892, 1561, 1784, 3122, 3568, 6244, 12488, 24976]20
224:25200:[1, 2, 3, 4, 5, 6, 7, 8, 9, 10, 12, 14, 15, 16, 18, 20, 21, 24, 25, 28, 30, 35, 36, 40, 42, 45, 48, 50, 56, 60, 63, 70, 72, 75, 80, 84, 90, 100, 105, 112, 120, 126, 140, 144, 150, 168, 175, 180, 200, 210, 225, 240, 252, 280, 300, 315, 336, 350, 360, 400, 420, 450, 504, 525, 560, 600, 630, 700, 720, 840, 900, 1008, 1050, 1200, 1260, 1400, 1575, 1680, 1800, 2100, 2520, 2800, 3150, 3600, 4200, 5040, 6300, 8400, 12600, 25200]90
225:25425:[1, 3, 5, 9, 15, 25, 45, 75, 113, 225, 339, 565, 1017, 1695, 2825, 5085, 8475, 25425]18
226:25651:[1, 113, 227, 25651]4
227:25878:[1, 2, 3, 6, 19, 38, 57, 114, 227, 454, 681, 1362, 4313, 8626, 12939, 25878]16
228:26106:[1, 2, 3, 6, 19, 38, 57, 114, 229, 458, 687, 1374, 4351, 8702, 13053, 26106]16
229:26335:[1, 5, 23, 115, 229, 1145, 5267, 26335]8
230:26565:[1, 3, 5, 7, 11, 15, 21, 23, 33, 35, 55, 69, 77, 105, 115, 161, 165, 231, 253, 345, 385, 483, 759, 805, 1155, 1265, 1771, 2415, 3795, 5313, 8855, 26565]32
231:26796:[1, 2, 3, 4, 6, 7, 11, 12, 14, 21, 22, 28, 29, 33, 42, 44, 58, 66, 77, 84, 87, 116, 132, 154, 174, 203, 231, 308, 319, 348, 406, 462, 609, 638, 812, 924, 957, 1218, 1276, 1914, 2233, 2436, 3828, 4466, 6699, 8932, 13398, 26796]48
232:27028:[1, 2, 4, 29, 58, 116, 233, 466, 932, 6757, 13514, 27028]12
233:27261:[1, 3, 9, 13, 39, 117, 233, 699, 2097, 3029, 9087, 27261]12
234:27495:[1, 3, 5, 9, 13, 15, 39, 45, 47, 65, 117, 141, 195, 235, 423, 585, 611, 705, 1833, 2115, 3055, 5499, 9165, 27495]24
235:27730:[1, 2, 5, 10, 47, 59, 94, 118, 235, 295, 470, 590, 2773, 5546, 13865, 27730]16
236:27966:[1, 2, 3, 6, 59, 79, 118, 158, 177, 237, 354, 474, 4661, 9322, 13983, 27966]16
237:28203:[1, 3, 7, 17, 21, 51, 79, 119, 237, 357, 553, 1343, 1659, 4029, 9401, 28203]16
238:28441:[1, 7, 17, 119, 239, 1673, 4063, 28441]8
239:28680:[1, 2, 3, 4, 5, 6, 8, 10, 12, 15, 20, 24, 30, 40, 60, 120, 239, 478, 717, 956, 1195, 1434, 1912, 2390, 2868, 3585, 4780, 5736, 7170, 9560, 14340, 28680]32
240:28920:[1, 2, 3, 4, 5, 6, 8, 10, 12, 15, 20, 24, 30, 40, 60, 120, 241, 482, 723, 964, 1205, 1446, 1928, 2410, 2892, 3615, 4820, 5784, 7230, 9640, 14460, 28920]32
241:29161:[1, 11, 121, 241, 2651, 29161]6
242:29403:[1, 3, 9, 11, 27, 33, 81, 99, 121, 243, 297, 363, 891, 1089, 2673, 3267, 9801, 29403]18
243:29646:[1, 2, 3, 6, 9, 18, 27, 54, 61, 81, 122, 162, 183, 243, 366, 486, 549, 1098, 1647, 3294, 4941, 9882, 14823, 29646]24
244:29890:[1, 2, 5, 7, 10, 14, 35, 49, 61, 70, 98, 122, 245, 305, 427, 490, 610, 854, 2135, 2989, 4270, 5978, 14945, 29890]24
245:30135:[1, 3, 5, 7, 15, 21, 35, 41, 49, 105, 123, 147, 205, 245, 287, 615, 735, 861, 1435, 2009, 4305, 6027, 10045, 30135]24
246:30381:[1, 3, 13, 19, 39, 41, 57, 123, 247, 533, 741, 779, 1599, 2337, 10127, 30381]16
247:30628:[1, 2, 4, 13, 19, 26, 31, 38, 52, 62, 76, 124, 247, 403, 494, 589, 806, 988, 1178, 1612, 2356, 7657, 15314, 30628]24
248:30876:[1, 2, 3, 4, 6, 12, 31, 62, 83, 93, 124, 166, 186, 249, 332, 372, 498, 996, 2573, 5146, 7719, 10292, 15438, 30876]24
249:31125:[1, 3, 5, 15, 25, 75, 83, 125, 249, 375, 415, 1245, 2075, 6225, 10375, 31125]16
250:31375:[1, 5, 25, 125, 251, 1255, 6275, 31375]8
251:31626:[1, 2, 3, 6, 7, 9, 14, 18, 21, 42, 63, 126, 251, 502, 753, 1506, 1757, 2259, 3514, 4518, 5271, 10542, 15813, 31626]24
252:31878:[1, 2, 3, 6, 7, 9, 11, 14, 18, 21, 22, 23, 33, 42, 46, 63, 66, 69, 77, 99, 126, 138, 154, 161, 198, 207, 231, 253, 322, 414, 462, 483, 506, 693, 759, 966, 1386, 1449, 1518, 1771, 2277, 2898, 3542, 4554, 5313, 10626, 15939, 31878]48
253:32131:[1, 11, 23, 127, 253, 1397, 2921, 32131]8
254:32385:[1, 3, 5, 15, 17, 51, 85, 127, 255, 381, 635, 1905, 2159, 6477, 10795, 32385]16
255:32640:[1, 2, 3, 4, 5, 6, 8, 10, 12, 15, 16, 17, 20, 24, 30, 32, 34, 40, 48, 51, 60, 64, 68, 80, 85, 96, 102, 120, 128, 136, 160, 170, 192, 204, 240, 255, 272, 320, 340, 384, 408, 480, 510, 544, 640, 680, 816, 960, 1020, 1088, 1360, 1632, 1920, 2040, 2176, 2720, 3264, 4080, 5440, 6528, 8160, 10880, 16320, 32640]64
256:32896:[1, 2, 4, 8, 16, 32, 64, 128, 257, 514, 1028, 2056, 4112, 8224, 16448, 32896]16
257:33153:[1, 3, 43, 129, 257, 771, 11051, 33153]8
258:33411:[1, 3, 7, 21, 37, 43, 111, 129, 259, 301, 777, 903, 1591, 4773, 11137, 33411]16
259:33670:[1, 2, 5, 7, 10, 13, 14, 26, 35, 37, 65, 70, 74, 91, 130, 182, 185, 259, 370, 455, 481, 518, 910, 962, 1295, 2405, 2590, 3367, 4810, 6734, 16835, 33670]32
260:33930:[1, 2, 3, 5, 6, 9, 10, 13, 15, 18, 26, 29, 30, 39, 45, 58, 65, 78, 87, 90, 117, 130, 145, 174, 195, 234, 261, 290, 377, 390, 435, 522, 585, 754, 870, 1131, 1170, 1305, 1885, 2262, 2610, 3393, 3770, 5655, 6786, 11310, 16965, 33930]48
261:34191:[1, 3, 9, 29, 87, 131, 261, 393, 1179, 3799, 11397, 34191]12
262:34453:[1, 131, 263, 34453]4
263:34716:[1, 2, 3, 4, 6, 11, 12, 22, 33, 44, 66, 132, 263, 526, 789, 1052, 1578, 2893, 3156, 5786, 8679, 11572, 17358, 34716]24
264:34980:[1, 2, 3, 4, 5, 6, 10, 11, 12, 15, 20, 22, 30, 33, 44, 53, 55, 60, 66, 106, 110, 132, 159, 165, 212, 220, 265, 318, 330, 530, 583, 636, 660, 795, 1060, 1166, 1590, 1749, 2332, 2915, 3180, 3498, 5830, 6996, 8745, 11660, 17490, 34980]48
265:35245:[1, 5, 7, 19, 35, 53, 95, 133, 265, 371, 665, 1007, 1855, 5035, 7049, 35245]16
266:35511:[1, 3, 7, 19, 21, 57, 89, 133, 267, 399, 623, 1691, 1869, 5073, 11837, 35511]16
267:35778:[1, 2, 3, 6, 67, 89, 134, 178, 201, 267, 402, 534, 5963, 11926, 17889, 35778]16
268:36046:[1, 2, 67, 134, 269, 538, 18023, 36046]8
269:36315:[1, 3, 5, 9, 15, 27, 45, 135, 269, 807, 1345, 2421, 4035, 7263, 12105, 36315]16
270:36585:[1, 3, 5, 9, 15, 27, 45, 135, 271, 813, 1355, 2439, 4065, 7317, 12195, 36585]16
271:36856:[1, 2, 4, 8, 17, 34, 68, 136, 271, 542, 1084, 2168, 4607, 9214, 18428, 36856]16
272:37128:[1, 2, 3, 4, 6, 7, 8, 12, 13, 14, 17, 21, 24, 26, 28, 34, 39, 42, 51, 52, 56, 68, 78, 84, 91, 102, 104, 119, 136, 156, 168, 182, 204, 221, 238, 273, 312, 357, 364, 408, 442, 476, 546, 663, 714, 728, 884, 952, 1092, 1326, 1428, 1547, 1768, 2184, 2652, 2856, 3094, 4641, 5304, 6188, 9282, 12376, 18564, 37128]64
273:37401:[1, 3, 7, 13, 21, 39, 91, 137, 273, 411, 959, 1781, 2877, 5343, 12467, 37401]16
274:37675:[1, 5, 11, 25, 55, 137, 275, 685, 1507, 3425, 7535, 37675]12
275:37950:[1, 2, 3, 5, 6, 10, 11, 15, 22, 23, 25, 30, 33, 46, 50, 55, 66, 69, 75, 110, 115, 138, 150, 165, 230, 253, 275, 330, 345, 506, 550, 575, 690, 759, 825, 1150, 1265, 1518, 1650, 1725, 2530, 3450, 3795, 6325, 7590, 12650, 18975, 37950]48
276:38226:[1, 2, 3, 6, 23, 46, 69, 138, 277, 554, 831, 1662, 6371, 12742, 19113, 38226]16
277:38503:[1, 139, 277, 38503]4
278:38781:[1, 3, 9, 31, 93, 139, 279, 417, 1251, 4309, 12927, 38781]12
279:39060:[1, 2, 3, 4, 5, 6, 7, 9, 10, 12, 14, 15, 18, 20, 21, 28, 30, 31, 35, 36, 42, 45, 60, 62, 63, 70, 84, 90, 93, 105, 124, 126, 140, 155, 180, 186, 210, 217, 252, 279, 310, 315, 372, 420, 434, 465, 558, 620, 630, 651, 868, 930, 1085, 1116, 1260, 1302, 1395, 1860, 1953, 2170, 2604, 2790, 3255, 3906, 4340, 5580, 6510, 7812, 9765, 13020, 19530, 39060]72
280:39340:[1, 2, 4, 5, 7, 10, 14, 20, 28, 35, 70, 140, 281, 562, 1124, 1405, 1967, 2810, 3934, 5620, 7868, 9835, 19670, 39340]24
281:39621:[1, 3, 47, 141, 281, 843, 13207, 39621]8
282:39903:[1, 3, 47, 141, 283, 849, 13301, 39903]8
283:40186:[1, 2, 71, 142, 283, 566, 20093, 40186]8
284:40470:[1, 2, 3, 5, 6, 10, 15, 19, 30, 38, 57, 71, 95, 114, 142, 190, 213, 285, 355, 426, 570, 710, 1065, 1349, 2130, 2698, 4047, 6745, 8094, 13490, 20235, 40470]32
285:40755:[1, 3, 5, 11, 13, 15, 19, 33, 39, 55, 57, 65, 95, 143, 165, 195, 209, 247, 285, 429, 627, 715, 741, 1045, 1235, 2145, 2717, 3135, 3705, 8151, 13585, 40755]32
286:41041:[1, 7, 11, 13, 41, 77, 91, 143, 287, 451, 533, 1001, 3157, 3731, 5863, 41041]16
287:41328:[1, 2, 3, 4, 6, 7, 8, 9, 12, 14, 16, 18, 21, 24, 28, 36, 41, 42, 48, 56, 63, 72, 82, 84, 112, 123, 126, 144, 164, 168, 246, 252, 287, 328, 336, 369, 492, 504, 574, 656, 738, 861, 984, 1008, 1148, 1476, 1722, 1968, 2296, 2583, 2952, 3444, 4592, 5166, 5904, 6888, 10332, 13776, 20664, 41328]60
288:41616:[1, 2, 3, 4, 6, 8, 9, 12, 16, 17, 18, 24, 34, 36, 48, 51, 68, 72, 102, 136, 144, 153, 204, 272, 289, 306, 408, 578, 612, 816, 867, 1156, 1224, 1734, 2312, 2448, 2601, 3468, 4624, 5202, 6936, 10404, 13872, 20808, 41616]45
289:41905:[1, 5, 17, 29, 85, 145, 289, 493, 1445, 2465, 8381, 41905]12
290:42195:[1, 3, 5, 15, 29, 87, 97, 145, 291, 435, 485, 1455, 2813, 8439, 14065, 42195]16
291:42486:[1, 2, 3, 6, 73, 97, 146, 194, 219, 291, 438, 582, 7081, 14162, 21243, 42486]16
292:42778:[1, 2, 73, 146, 293, 586, 21389, 42778]8
293:43071:[1, 3, 7, 21, 49, 147, 293, 879, 2051, 6153, 14357, 43071]12
294:43365:[1, 3, 5, 7, 15, 21, 35, 49, 59, 105, 147, 177, 245, 295, 413, 735, 885, 1239, 2065, 2891, 6195, 8673, 14455, 43365]24
295:43660:[1, 2, 4, 5, 10, 20, 37, 59, 74, 118, 148, 185, 236, 295, 370, 590, 740, 1180, 2183, 4366, 8732, 10915, 21830, 43660]24
296:43956:[1, 2, 3, 4, 6, 9, 11, 12, 18, 22, 27, 33, 36, 37, 44, 54, 66, 74, 99, 108, 111, 132, 148, 198, 222, 297, 333, 396, 407, 444, 594, 666, 814, 999, 1188, 1221, 1332, 1628, 1998, 2442, 3663, 3996, 4884, 7326, 10989, 14652, 21978, 43956]48
297:44253:[1, 3, 9, 11, 27, 33, 99, 149, 297, 447, 1341, 1639, 4023, 4917, 14751, 44253]16
298:44551:[1, 13, 23, 149, 299, 1937, 3427, 44551]8
299:44850:[1, 2, 3, 5, 6, 10, 13, 15, 23, 25, 26, 30, 39, 46, 50, 65, 69, 75, 78, 115, 130, 138, 150, 195, 230, 299, 325, 345, 390, 575, 598, 650, 690, 897, 975, 1150, 1495, 1725, 1794, 1950, 2990, 3450, 4485, 7475, 8970, 14950, 22425, 44850]48
300:45150:[1, 2, 3, 5, 6, 7, 10, 14, 15, 21, 25, 30, 35, 42, 43, 50, 70, 75, 86, 105, 129, 150, 175, 210, 215, 258, 301, 350, 430, 525, 602, 645, 903, 1050, 1075, 1290, 1505, 1806, 2150, 3010, 3225, 4515, 6450, 7525, 9030, 15050, 22575, 45150]48
301:45451:[1, 7, 43, 151, 301, 1057, 6493, 45451]8
302:45753:[1, 3, 101, 151, 303, 453, 15251, 45753]8
303:46056:[1, 2, 3, 4, 6, 8, 12, 19, 24, 38, 57, 76, 101, 114, 152, 202, 228, 303, 404, 456, 606, 808, 1212, 1919, 2424, 3838, 5757, 7676, 11514, 15352, 23028, 46056]32
304:46360:[1, 2, 4, 5, 8, 10, 19, 20, 38, 40, 61, 76, 95, 122, 152, 190, 244, 305, 380, 488, 610, 760, 1159, 1220, 2318, 2440, 4636, 5795, 9272, 11590, 23180, 46360]32
305:46665:[1, 3, 5, 9, 15, 17, 45, 51, 61, 85, 153, 183, 255, 305, 549, 765, 915, 1037, 2745, 3111, 5185, 9333, 15555, 46665]24
306:46971:[1, 3, 9, 17, 51, 153, 307, 921, 2763, 5219, 15657, 46971]12
307:47278:[1, 2, 7, 11, 14, 22, 77, 154, 307, 614, 2149, 3377, 4298, 6754, 23639, 47278]16
308:47586:[1, 2, 3, 6, 7, 11, 14, 21, 22, 33, 42, 66, 77, 103, 154, 206, 231, 309, 462, 618, 721, 1133, 1442, 2163, 2266, 3399, 4326, 6798, 7931, 15862, 23793, 47586]32
309:47895:[1, 3, 5, 15, 31, 93, 103, 155, 309, 465, 515, 1545, 3193, 9579, 15965, 47895]16
310:48205:[1, 5, 31, 155, 311, 1555, 9641, 48205]8
311:48516:[1, 2, 3, 4, 6, 12, 13, 26, 39, 52, 78, 156, 311, 622, 933, 1244, 1866, 3732, 4043, 8086, 12129, 16172, 24258, 48516]24
312:48828:[1, 2, 3, 4, 6, 12, 13, 26, 39, 52, 78, 156, 313, 626, 939, 1252, 1878, 3756, 4069, 8138, 12207, 16276, 24414, 48828]24
313:49141:[1, 157, 313, 49141]4
314:49455:[1, 3, 5, 7, 9, 15, 21, 35, 45, 63, 105, 157, 315, 471, 785, 1099, 1413, 2355, 3297, 5495, 7065, 9891, 16485, 49455]24
315:49770:[1, 2, 3, 5, 6, 7, 9, 10, 14, 15, 18, 21, 30, 35, 42, 45, 63, 70, 79, 90, 105, 126, 158, 210, 237, 315, 395, 474, 553, 630, 711, 790, 1106, 1185, 1422, 1659, 2370, 2765, 3318, 3555, 4977, 5530, 7110, 8295, 9954, 16590, 24885, 49770]48
316:50086:[1, 2, 79, 158, 317, 634, 25043, 50086]8
317:50403:[1, 3, 53, 159, 317, 951, 16801, 50403]8
318:50721:[1, 3, 11, 29, 33, 53, 87, 159, 319, 583, 957, 1537, 1749, 4611, 16907, 50721]16
319:51040:[1, 2, 4, 5, 8, 10, 11, 16, 20, 22, 29, 32, 40, 44, 55, 58, 80, 88, 110, 116, 145, 160, 176, 220, 232, 290, 319, 352, 440, 464, 580, 638, 880, 928, 1160, 1276, 1595, 1760, 2320, 2552, 3190, 4640, 5104, 6380, 10208, 12760, 25520, 51040]48
320:51360:[1, 2, 3, 4, 5, 6, 8, 10, 12, 15, 16, 20, 24, 30, 32, 40, 48, 60, 80, 96, 107, 120, 160, 214, 240, 321, 428, 480, 535, 642, 856, 1070, 1284, 1605, 1712, 2140, 2568, 3210, 3424, 4280, 5136, 6420, 8560, 10272, 12840, 17120, 25680, 51360]48
321:51681:[1, 3, 7, 21, 23, 69, 107, 161, 321, 483, 749, 2247, 2461, 7383, 17227, 51681]16
322:52003:[1, 7, 17, 19, 23, 119, 133, 161, 323, 391, 437, 2261, 2737, 3059, 7429, 52003]16
323:52326:[1, 2, 3, 6, 9, 17, 18, 19, 27, 34, 38, 51, 54, 57, 81, 102, 114, 153, 162, 171, 306, 323, 342, 459, 513, 646, 918, 969, 1026, 1377, 1539, 1938, 2754, 2907, 3078, 5814, 8721, 17442, 26163, 52326]40
324:52650:[1, 2, 3, 5, 6, 9, 10, 13, 15, 18, 25, 26, 27, 30, 39, 45, 50, 54, 65, 75, 78, 81, 90, 117, 130, 135, 150, 162, 195, 225, 234, 270, 325, 351, 390, 405, 450, 585, 650, 675, 702, 810, 975, 1053, 1170, 1350, 1755, 1950, 2025, 2106, 2925, 3510, 4050, 5265, 5850, 8775, 10530, 17550, 26325, 52650]60
325:52975:[1, 5, 13, 25, 65, 163, 325, 815, 2119, 4075, 10595, 52975]12
326:53301:[1, 3, 109, 163, 327, 489, 17767, 53301]8
327:53628:[1, 2, 3, 4, 6, 12, 41, 82, 109, 123, 164, 218, 246, 327, 436, 492, 654, 1308, 4469, 8938, 13407, 17876, 26814, 53628]24
328:53956:[1, 2, 4, 7, 14, 28, 41, 47, 82, 94, 164, 188, 287, 329, 574, 658, 1148, 1316, 1927, 3854, 7708, 13489, 26978, 53956]24
329:54285:[1, 3, 5, 7, 11, 15, 21, 33, 35, 47, 55, 77, 105, 141, 165, 231, 235, 329, 385, 517, 705, 987, 1155, 1551, 1645, 2585, 3619, 4935, 7755, 10857, 18095, 54285]32
330:54615:[1, 3, 5, 11, 15, 33, 55, 165, 331, 993, 1655, 3641, 4965, 10923, 18205, 54615]16
331:54946:[1, 2, 83, 166, 331, 662, 27473, 54946]8
332:55278:[1, 2, 3, 6, 9, 18, 37, 74, 83, 111, 166, 222, 249, 333, 498, 666, 747, 1494, 3071, 6142, 9213, 18426, 27639, 55278]24
333:55611:[1, 3, 9, 37, 111, 167, 333, 501, 1503, 6179, 18537, 55611]12
334:55945:[1, 5, 67, 167, 335, 835, 11189, 55945]8
335:56280:[1, 2, 3, 4, 5, 6, 7, 8, 10, 12, 14, 15, 20, 21, 24, 28, 30, 35, 40, 42, 56, 60, 67, 70, 84, 105, 120, 134, 140, 168, 201, 210, 268, 280, 335, 402, 420, 469, 536, 670, 804, 840, 938, 1005, 1340, 1407, 1608, 1876, 2010, 2345, 2680, 2814, 3752, 4020, 4690, 5628, 7035, 8040, 9380, 11256, 14070, 18760, 28140, 56280]64
336:56616:[1, 2, 3, 4, 6, 7, 8, 12, 14, 21, 24, 28, 42, 56, 84, 168, 337, 674, 1011, 1348, 2022, 2359, 2696, 4044, 4718, 7077, 8088, 9436, 14154, 18872, 28308, 56616]32
337:56953:[1, 13, 169, 337, 4381, 56953]6
338:57291:[1, 3, 13, 39, 113, 169, 339, 507, 1469, 4407, 19097, 57291]12
339:57630:[1, 2, 3, 5, 6, 10, 15, 17, 30, 34, 51, 85, 102, 113, 170, 226, 255, 339, 510, 565, 678, 1130, 1695, 1921, 3390, 3842, 5763, 9605, 11526, 19210, 28815, 57630]32
340:57970:[1, 2, 5, 10, 11, 17, 22, 31, 34, 55, 62, 85, 110, 155, 170, 187, 310, 341, 374, 527, 682, 935, 1054, 1705, 1870, 2635, 3410, 5270, 5797, 11594, 28985, 57970]32
341:58311:[1, 3, 9, 11, 19, 31, 33, 57, 93, 99, 171, 209, 279, 341, 589, 627, 1023, 1767, 1881, 3069, 5301, 6479, 19437, 58311]24
342:58653:[1, 3, 7, 9, 19, 21, 49, 57, 63, 133, 147, 171, 343, 399, 441, 931, 1029, 1197, 2793, 3087, 6517, 8379, 19551, 58653]24
343:58996:[1, 2, 4, 7, 14, 28, 43, 49, 86, 98, 172, 196, 301, 343, 602, 686, 1204, 1372, 2107, 4214, 8428, 14749, 29498, 58996]24
344:59340:[1, 2, 3, 4, 5, 6, 10, 12, 15, 20, 23, 30, 43, 46, 60, 69, 86, 92, 115, 129, 138, 172, 215, 230, 258, 276, 345, 430, 460, 516, 645, 690, 860, 989, 1290, 1380, 1978, 2580, 2967, 3956, 4945, 5934, 9890, 11868, 14835, 19780, 29670, 59340]48
345:59685:[1, 3, 5, 15, 23, 69, 115, 173, 345, 519, 865, 2595, 3979, 11937, 19895, 59685]16
346:60031:[1, 173, 347, 60031]4
347:60378:[1, 2, 3, 6, 29, 58, 87, 174, 347, 694, 1041, 2082, 10063, 20126, 30189, 60378]16
348:60726:[1, 2, 3, 6, 29, 58, 87, 174, 349, 698, 1047, 2094, 10121, 20242, 30363, 60726]16
349:61075:[1, 5, 7, 25, 35, 175, 349, 1745, 2443, 8725, 12215, 61075]12
350:61425:[1, 3, 5, 7, 9, 13, 15, 21, 25, 27, 35, 39, 45, 63, 65, 75, 91, 105, 117, 135, 175, 189, 195, 225, 273, 315, 325, 351, 455, 525, 585, 675, 819, 945, 975, 1365, 1575, 1755, 2275, 2457, 2925, 4095, 4725, 6825, 8775, 12285, 20475, 61425]48
351:61776:[1, 2, 3, 4, 6, 8, 9, 11, 12, 13, 16, 18, 22, 24, 26, 27, 33, 36, 39, 44, 48, 52, 54, 66, 72, 78, 88, 99, 104, 108, 117, 132, 143, 144, 156, 176, 198, 208, 216, 234, 264, 286, 297, 312, 351, 396, 429, 432, 468, 528, 572, 594, 624, 702, 792, 858, 936, 1144, 1188, 1287, 1404, 1584, 1716, 1872, 2288, 2376, 2574, 2808, 3432, 3861, 4752, 5148, 5616, 6864, 7722, 10296, 15444, 20592, 30888, 61776]80
352:62128:[1, 2, 4, 8, 11, 16, 22, 44, 88, 176, 353, 706, 1412, 2824, 3883, 5648, 7766, 15532, 31064, 62128]20
353:62481:[1, 3, 59, 177, 353, 1059, 20827, 62481]8
354:62835:[1, 3, 5, 15, 59, 71, 177, 213, 295, 355, 885, 1065, 4189, 12567, 20945, 62835]16
355:63190:[1, 2, 5, 10, 71, 89, 142, 178, 355, 445, 710, 890, 6319, 12638, 31595, 63190]16
356:63546:[1, 2, 3, 6, 7, 14, 17, 21, 34, 42, 51, 89, 102, 119, 178, 238, 267, 357, 534, 623, 714, 1246, 1513, 1869, 3026, 3738, 4539, 9078, 10591, 21182, 31773, 63546]32
357:63903:[1, 3, 7, 17, 21, 51, 119, 179, 357, 537, 1253, 3043, 3759, 9129, 21301, 63903]16
358:64261:[1, 179, 359, 64261]4
359:64620:[1, 2, 3, 4, 5, 6, 9, 10, 12, 15, 18, 20, 30, 36, 45, 60, 90, 180, 359, 718, 1077, 1436, 1795, 2154, 3231, 3590, 4308, 5385, 6462, 7180, 10770, 12924, 16155, 21540, 32310, 64620]36
360:64980:[1, 2, 3, 4, 5, 6, 9, 10, 12, 15, 18, 19, 20, 30, 36, 38, 45, 57, 60, 76, 90, 95, 114, 171, 180, 190, 228, 285, 342, 361, 380, 570, 684, 722, 855, 1083, 1140, 1444, 1710, 1805, 2166, 3249, 3420, 3610, 4332, 5415, 6498, 7220, 10830, 12996, 16245, 21660, 32490, 64980]54
361:65341:[1, 19, 181, 361, 3439, 65341]6
362:65703:[1, 3, 11, 33, 121, 181, 363, 543, 1991, 5973, 21901, 65703]12
363:66066:[1, 2, 3, 6, 7, 11, 13, 14, 21, 22, 26, 33, 39, 42, 66, 77, 78, 91, 121, 143, 154, 182, 231, 242, 273, 286, 363, 429, 462, 546, 726, 847, 858, 1001, 1573, 1694, 2002, 2541, 3003, 3146, 4719, 5082, 6006, 9438, 11011, 22022, 33033, 66066]48
364:66430:[1, 2, 5, 7, 10, 13, 14, 26, 35, 65, 70, 73, 91, 130, 146, 182, 365, 455, 511, 730, 910, 949, 1022, 1898, 2555, 4745, 5110, 6643, 9490, 13286, 33215, 66430]32
365:66795:[1, 3, 5, 15, 61, 73, 183, 219, 305, 365, 915, 1095, 4453, 13359, 22265, 66795]16
366:67161:[1, 3, 61, 183, 367, 1101, 22387, 67161]8
367:67528:[1, 2, 4, 8, 23, 46, 92, 184, 367, 734, 1468, 2936, 8441, 16882, 33764, 67528]16
368:67896:[1, 2, 3, 4, 6, 8, 9, 12, 18, 23, 24, 36, 41, 46, 69, 72, 82, 92, 123, 138, 164, 184, 207, 246, 276, 328, 369, 414, 492, 552, 738, 828, 943, 984, 1476, 1656, 1886, 2829, 2952, 3772, 5658, 7544, 8487, 11316, 16974, 22632, 33948, 67896]48
369:68265:[1, 3, 5, 9, 15, 37, 41, 45, 111, 123, 185, 205, 333, 369, 555, 615, 1517, 1665, 1845, 4551, 7585, 13653, 22755, 68265]24
370:68635:[1, 5, 7, 35, 37, 53, 185, 259, 265, 371, 1295, 1855, 1961, 9805, 13727, 68635]16
371:69006:[1, 2, 3, 6, 7, 14, 21, 31, 42, 53, 62, 93, 106, 159, 186, 217, 318, 371, 434, 651, 742, 1113, 1302, 1643, 2226, 3286, 4929, 9858, 11501, 23002, 34503, 69006]32
372:69378:[1, 2, 3, 6, 31, 62, 93, 186, 373, 746, 1119, 2238, 11563, 23126, 34689, 69378]16
373:69751:[1, 11, 17, 187, 373, 4103, 6341, 69751]8
374:70125:[1, 3, 5, 11, 15, 17, 25, 33, 51, 55, 75, 85, 125, 165, 187, 255, 275, 375, 425, 561, 825, 935, 1275, 1375, 2125, 2805, 4125, 4675, 6375, 14025, 23375, 70125]32
375:70500:[1, 2, 3, 4, 5, 6, 10, 12, 15, 20, 25, 30, 47, 50, 60, 75, 94, 100, 125, 141, 150, 188, 235, 250, 282, 300, 375, 470, 500, 564, 705, 750, 940, 1175, 1410, 1500, 2350, 2820, 3525, 4700, 5875, 7050, 11750, 14100, 17625, 23500, 35250, 70500]48
376:70876:[1, 2, 4, 13, 26, 29, 47, 52, 58, 94, 116, 188, 377, 611, 754, 1222, 1363, 1508, 2444, 2726, 5452, 17719, 35438, 70876]24
377:71253:[1, 3, 7, 9, 13, 21, 27, 29, 39, 63, 87, 91, 117, 189, 203, 261, 273, 351, 377, 609, 783, 819, 1131, 1827, 2457, 2639, 3393, 5481, 7917, 10179, 23751, 71253]32
378:71631:[1, 3, 7, 9, 21, 27, 63, 189, 379, 1137, 2653, 3411, 7959, 10233, 23877, 71631]16
379:72010:[1, 2, 5, 10, 19, 38, 95, 190, 379, 758, 1895, 3790, 7201, 14402, 36005, 72010]16
380:72390:[1, 2, 3, 5, 6, 10, 15, 19, 30, 38, 57, 95, 114, 127, 190, 254, 285, 381, 570, 635, 762, 1270, 1905, 2413, 3810, 4826, 7239, 12065, 14478, 24130, 36195, 72390]32
381:72771:[1, 3, 127, 191, 381, 573, 24257, 72771]8
382:73153:[1, 191, 383, 73153]4
383:73536:[1, 2, 3, 4, 6, 8, 12, 16, 24, 32, 48, 64, 96, 192, 383, 766, 1149, 1532, 2298, 3064, 4596, 6128, 9192, 12256, 18384, 24512, 36768, 73536]28
384:73920:[1, 2, 3, 4, 5, 6, 7, 8, 10, 11, 12, 14, 15, 16, 20, 21, 22, 24, 28, 30, 32, 33, 35, 40, 42, 44, 48, 55, 56, 60, 64, 66, 70, 77, 80, 84, 88, 96, 105, 110, 112, 120, 132, 140, 154, 160, 165, 168, 176, 192, 210, 220, 224, 231, 240, 264, 280, 308, 320, 330, 336, 352, 385, 420, 440, 448, 462, 480, 528, 560, 616, 660, 672, 704, 770, 840, 880, 924, 960, 1056, 1120, 1155, 1232, 1320, 1344, 1540, 1680, 1760, 1848, 2112, 2240, 2310, 2464, 2640, 3080, 3360, 3520, 3696, 4620, 4928, 5280, 6160, 6720, 7392, 9240, 10560, 12320, 14784, 18480, 24640, 36960, 73920]112
385:74305:[1, 5, 7, 11, 35, 55, 77, 193, 385, 965, 1351, 2123, 6755, 10615, 14861, 74305]16
386:74691:[1, 3, 9, 43, 129, 193, 387, 579, 1737, 8299, 24897, 74691]12
387:75078:[1, 2, 3, 6, 9, 18, 43, 86, 97, 129, 194, 258, 291, 387, 582, 774, 873, 1746, 4171, 8342, 12513, 25026, 37539, 75078]24
388:75466:[1, 2, 97, 194, 389, 778, 37733, 75466]8
389:75855:[1, 3, 5, 13, 15, 39, 65, 195, 389, 1167, 1945, 5057, 5835, 15171, 25285, 75855]16
390:76245:[1, 3, 5, 13, 15, 17, 23, 39, 51, 65, 69, 85, 115, 195, 221, 255, 299, 345, 391, 663, 897, 1105, 1173, 1495, 1955, 3315, 4485, 5083, 5865, 15249, 25415, 76245]32
391:76636:[1, 2, 4, 7, 14, 17, 23, 28, 34, 46, 49, 68, 92, 98, 119, 161, 196, 238, 322, 391, 476, 644, 782, 833, 1127, 1564, 1666, 2254, 2737, 3332, 4508, 5474, 10948, 19159, 38318, 76636]36
392:77028:[1, 2, 3, 4, 6, 7, 12, 14, 21, 28, 42, 49, 84, 98, 131, 147, 196, 262, 294, 393, 524, 588, 786, 917, 1572, 1834, 2751, 3668, 5502, 6419, 11004, 12838, 19257, 25676, 38514, 77028]36
393:77421:[1, 3, 131, 197, 393, 591, 25807, 77421]8
394:77815:[1, 5, 79, 197, 395, 985, 15563, 77815]8
395:78210:[1, 2, 3, 5, 6, 9, 10, 11, 15, 18, 22, 30, 33, 45, 55, 66, 79, 90, 99, 110, 158, 165, 198, 237, 330, 395, 474, 495, 711, 790, 869, 990, 1185, 1422, 1738, 2370, 2607, 3555, 4345, 5214, 7110, 7821, 8690, 13035, 15642, 26070, 39105, 78210]48
396:78606:[1, 2, 3, 6, 9, 11, 18, 22, 33, 66, 99, 198, 397, 794, 1191, 2382, 3573, 4367, 7146, 8734, 13101, 26202, 39303, 78606]24
397:79003:[1, 199, 397, 79003]4
398:79401:[1, 3, 7, 19, 21, 57, 133, 199, 399, 597, 1393, 3781, 4179, 11343, 26467, 79401]16
399:79800:[1, 2, 3, 4, 5, 6, 7, 8, 10, 12, 14, 15, 19, 20, 21, 24, 25, 28, 30, 35, 38, 40, 42, 50, 56, 57, 60, 70, 75, 76, 84, 95, 100, 105, 114, 120, 133, 140, 150, 152, 168, 175, 190, 200, 210, 228, 266, 280, 285, 300, 350, 380, 399, 420, 456, 475, 525, 532, 570, 600, 665, 700, 760, 798, 840, 950, 1050, 1064, 1140, 1330, 1400, 1425, 1596, 1900, 1995, 2100, 2280, 2660, 2850, 3192, 3325, 3800, 3990, 4200, 5320, 5700, 6650, 7980, 9975, 11400, 13300, 15960, 19950, 26600, 39900, 79800]96
400:80200:[1, 2, 4, 5, 8, 10, 20, 25, 40, 50, 100, 200, 401, 802, 1604, 2005, 3208, 4010, 8020, 10025, 16040, 20050, 40100, 80200]24
401:80601:[1, 3, 67, 201, 401, 1203, 26867, 80601]8
402:81003:[1, 3, 13, 31, 39, 67, 93, 201, 403, 871, 1209, 2077, 2613, 6231, 27001, 81003]16
403:81406:[1, 2, 13, 26, 31, 62, 101, 202, 403, 806, 1313, 2626, 3131, 6262, 40703, 81406]16
404:81810:[1, 2, 3, 5, 6, 9, 10, 15, 18, 27, 30, 45, 54, 81, 90, 101, 135, 162, 202, 270, 303, 405, 505, 606, 810, 909, 1010, 1515, 1818, 2727, 3030, 4545, 5454, 8181, 9090, 13635, 16362, 27270, 40905, 81810]40
405:82215:[1, 3, 5, 7, 9, 15, 21, 27, 29, 35, 45, 63, 81, 87, 105, 135, 145, 189, 203, 261, 315, 405, 435, 567, 609, 783, 945, 1015, 1305, 1827, 2349, 2835, 3045, 3915, 5481, 9135, 11745, 16443, 27405, 82215]40
406:82621:[1, 7, 11, 29, 37, 77, 203, 259, 319, 407, 1073, 2233, 2849, 7511, 11803, 82621]16
407:83028:[1, 2, 3, 4, 6, 11, 12, 17, 22, 33, 34, 37, 44, 51, 66, 68, 74, 102, 111, 132, 148, 187, 204, 222, 374, 407, 444, 561, 629, 748, 814, 1122, 1221, 1258, 1628, 1887, 2244, 2442, 2516, 3774, 4884, 6919, 7548, 13838, 20757, 27676, 41514, 83028]48
408:83436:[1, 2, 3, 4, 6, 12, 17, 34, 51, 68, 102, 204, 409, 818, 1227, 1636, 2454, 4908, 6953, 13906, 20859, 27812, 41718, 83436]24
409:83845:[1, 5, 41, 205, 409, 2045, 16769, 83845]8
410:84255:[1, 3, 5, 15, 41, 123, 137, 205, 411, 615, 685, 2055, 5617, 16851, 28085, 84255]16
411:84666:[1, 2, 3, 6, 103, 137, 206, 274, 309, 411, 618, 822, 14111, 28222, 42333, 84666]16
412:85078:[1, 2, 7, 14, 59, 103, 118, 206, 413, 721, 826, 1442, 6077, 12154, 42539, 85078]16
413:85491:[1, 3, 7, 9, 21, 23, 59, 63, 69, 161, 177, 207, 413, 483, 531, 1239, 1357, 1449, 3717, 4071, 9499, 12213, 28497, 85491]24
414:85905:[1, 3, 5, 9, 15, 23, 45, 69, 83, 115, 207, 249, 345, 415, 747, 1035, 1245, 1909, 3735, 5727, 9545, 17181, 28635, 85905]24
415:86320:[1, 2, 4, 5, 8, 10, 13, 16, 20, 26, 40, 52, 65, 80, 83, 104, 130, 166, 208, 260, 332, 415, 520, 664, 830, 1040, 1079, 1328, 1660, 2158, 3320, 4316, 5395, 6640, 8632, 10790, 17264, 21580, 43160, 86320]40
416:86736:[1, 2, 3, 4, 6, 8, 12, 13, 16, 24, 26, 39, 48, 52, 78, 104, 139, 156, 208, 278, 312, 417, 556, 624, 834, 1112, 1668, 1807, 2224, 3336, 3614, 5421, 6672, 7228, 10842, 14456, 21684, 28912, 43368, 86736]40
417:87153:[1, 3, 11, 19, 33, 57, 139, 209, 417, 627, 1529, 2641, 4587, 7923, 29051, 87153]16
418:87571:[1, 11, 19, 209, 419, 4609, 7961, 87571]8
419:87990:[1, 2, 3, 5, 6, 7, 10, 14, 15, 21, 30, 35, 42, 70, 105, 210, 419, 838, 1257, 2095, 2514, 2933, 4190, 5866, 6285, 8799, 12570, 14665, 17598, 29330, 43995, 87990]32
420:88410:[1, 2, 3, 5, 6, 7, 10, 14, 15, 21, 30, 35, 42, 70, 105, 210, 421, 842, 1263, 2105, 2526, 2947, 4210, 5894, 6315, 8841, 12630, 14735, 17682, 29470, 44205, 88410]32
421:88831:[1, 211, 421, 88831]4
422:89253:[1, 3, 9, 47, 141, 211, 423, 633, 1899, 9917, 29751, 89253]12
423:89676:[1, 2, 3, 4, 6, 9, 12, 18, 36, 47, 53, 94, 106, 141, 159, 188, 212, 282, 318, 423, 477, 564, 636, 846, 954, 1692, 1908, 2491, 4982, 7473, 9964, 14946, 22419, 29892, 44838, 89676]36
424:90100:[1, 2, 4, 5, 10, 17, 20, 25, 34, 50, 53, 68, 85, 100, 106, 170, 212, 265, 340, 425, 530, 850, 901, 1060, 1325, 1700, 1802, 2650, 3604, 4505, 5300, 9010, 18020, 22525, 45050, 90100]36
425:90525:[1, 3, 5, 15, 17, 25, 51, 71, 75, 85, 213, 255, 355, 425, 1065, 1207, 1275, 1775, 3621, 5325, 6035, 18105, 30175, 90525]24
426:90951:[1, 3, 7, 21, 61, 71, 183, 213, 427, 497, 1281, 1491, 4331, 12993, 30317, 90951]16
427:91378:[1, 2, 7, 14, 61, 107, 122, 214, 427, 749, 854, 1498, 6527, 13054, 45689, 91378]16
428:91806:[1, 2, 3, 6, 11, 13, 22, 26, 33, 39, 66, 78, 107, 143, 214, 286, 321, 429, 642, 858, 1177, 1391, 2354, 2782, 3531, 4173, 7062, 8346, 15301, 30602, 45903, 91806]32
429:92235:[1, 3, 5, 11, 13, 15, 33, 39, 43, 55, 65, 129, 143, 165, 195, 215, 429, 473, 559, 645, 715, 1419, 1677, 2145, 2365, 2795, 6149, 7095, 8385, 18447, 30745, 92235]32
430:92665:[1, 5, 43, 215, 431, 2155, 18533, 92665]8
431:93096:[1, 2, 3, 4, 6, 8, 9, 12, 18, 24, 27, 36, 54, 72, 108, 216, 431, 862, 1293, 1724, 2586, 3448, 3879, 5172, 7758, 10344, 11637, 15516, 23274, 31032, 46548, 93096]32
432:93528:[1, 2, 3, 4, 6, 8, 9, 12, 18, 24, 27, 36, 54, 72, 108, 216, 433, 866, 1299, 1732, 2598, 3464, 3897, 5196, 7794, 10392, 11691, 15588, 23382, 31176, 46764, 93528]32
433:93961:[1, 7, 31, 217, 433, 3031, 13423, 93961]8
434:94395:[1, 3, 5, 7, 15, 21, 29, 31, 35, 87, 93, 105, 145, 155, 203, 217, 435, 465, 609, 651, 899, 1015, 1085, 2697, 3045, 3255, 4495, 6293, 13485, 18879, 31465, 94395]32
435:94830:[1, 2, 3, 5, 6, 10, 15, 29, 30, 58, 87, 109, 145, 174, 218, 290, 327, 435, 545, 654, 870, 1090, 1635, 3161, 3270, 6322, 9483, 15805, 18966, 31610, 47415, 94830]32
436:95266:[1, 2, 19, 23, 38, 46, 109, 218, 437, 874, 2071, 2507, 4142, 5014, 47633, 95266]16
437:95703:[1, 3, 19, 23, 57, 69, 73, 219, 437, 1311, 1387, 1679, 4161, 5037, 31901, 95703]16
438:96141:[1, 3, 73, 219, 439, 1317, 32047, 96141]8
439:96580:[1, 2, 4, 5, 10, 11, 20, 22, 44, 55, 110, 220, 439, 878, 1756, 2195, 4390, 4829, 8780, 9658, 19316, 24145, 48290, 96580]24
440:97020:[1, 2, 3, 4, 5, 6, 7, 9, 10, 11, 12, 14, 15, 18, 20, 21, 22, 28, 30, 33, 35, 36, 42, 44, 45, 49, 55, 60, 63, 66, 70, 77, 84, 90, 98, 99, 105, 110, 126, 132, 140, 147, 154, 165, 180, 196, 198, 210, 220, 231, 245, 252, 294, 308, 315, 330, 385, 396, 420, 441, 462, 490, 495, 539, 588, 630, 660, 693, 735, 770, 882, 924, 980, 990, 1078, 1155, 1260, 1386, 1470, 1540, 1617, 1764, 1980, 2156, 2205, 2310, 2695, 2772, 2940, 3234, 3465, 4410, 4620, 4851, 5390, 6468, 6930, 8085, 8820, 9702, 10780, 13860, 16170, 19404, 24255, 32340, 48510, 97020]108
441:97461:[1, 3, 7, 9, 13, 17, 21, 39, 49, 51, 63, 91, 117, 119, 147, 153, 221, 273, 357, 441, 637, 663, 819, 833, 1071, 1547, 1911, 1989, 2499, 4641, 5733, 7497, 10829, 13923, 32487, 97461]36
442:97903:[1, 13, 17, 221, 443, 5759, 7531, 97903]8
443:98346:[1, 2, 3, 6, 37, 74, 111, 222, 443, 886, 1329, 2658, 16391, 32782, 49173, 98346]16
444:98790:[1, 2, 3, 5, 6, 10, 15, 30, 37, 74, 89, 111, 178, 185, 222, 267, 370, 445, 534, 555, 890, 1110, 1335, 2670, 3293, 6586, 9879, 16465, 19758, 32930, 49395, 98790]32
445:99235:[1, 5, 89, 223, 445, 1115, 19847, 99235]8
446:99681:[1, 3, 149, 223, 447, 669, 33227, 99681]8
447:100128:[1, 2, 3, 4, 6, 7, 8, 12, 14, 16, 21, 24, 28, 32, 42, 48, 56, 84, 96, 112, 149, 168, 224, 298, 336, 447, 596, 672, 894, 1043, 1192, 1788, 2086, 2384, 3129, 3576, 4172, 4768, 6258, 7152, 8344, 12516, 14304, 16688, 25032, 33376, 50064, 100128]48
448:100576:[1, 2, 4, 7, 8, 14, 16, 28, 32, 56, 112, 224, 449, 898, 1796, 3143, 3592, 6286, 7184, 12572, 14368, 25144, 50288, 100576]24
449:101025:[1, 3, 5, 9, 15, 25, 45, 75, 225, 449, 1347, 2245, 4041, 6735, 11225, 20205, 33675, 101025]18
450:101475:[1, 3, 5, 9, 11, 15, 25, 33, 41, 45, 55, 75, 99, 123, 165, 205, 225, 275, 369, 451, 495, 615, 825, 1025, 1353, 1845, 2255, 2475, 3075, 4059, 6765, 9225, 11275, 20295, 33825, 101475]36
451:101926:[1, 2, 11, 22, 41, 82, 113, 226, 451, 902, 1243, 2486, 4633, 9266, 50963, 101926]16
452:102378:[1, 2, 3, 6, 113, 151, 226, 302, 339, 453, 678, 906, 17063, 34126, 51189, 102378]16
453:102831:[1, 3, 151, 227, 453, 681, 34277, 102831]8
454:103285:[1, 5, 7, 13, 35, 65, 91, 227, 455, 1135, 1589, 2951, 7945, 14755, 20657, 103285]16
455:103740:[1, 2, 3, 4, 5, 6, 7, 10, 12, 13, 14, 15, 19, 20, 21, 26, 28, 30, 35, 38, 39, 42, 52, 57, 60, 65, 70, 76, 78, 84, 91, 95, 105, 114, 130, 133, 140, 156, 182, 190, 195, 210, 228, 247, 260, 266, 273, 285, 364, 380, 390, 399, 420, 455, 494, 532, 546, 570, 665, 741, 780, 798, 910, 988, 1092, 1140, 1235, 1330, 1365, 1482, 1596, 1729, 1820, 1995, 2470, 2660, 2730, 2964, 3458, 3705, 3990, 4940, 5187, 5460, 6916, 7410, 7980, 8645, 10374, 14820, 17290, 20748, 25935, 34580, 51870, 103740]96
456:104196:[1, 2, 3, 4, 6, 12, 19, 38, 57, 76, 114, 228, 457, 914, 1371, 1828, 2742, 5484, 8683, 17366, 26049, 34732, 52098, 104196]24
457:104653:[1, 229, 457, 104653]4
458:105111:[1, 3, 9, 17, 27, 51, 153, 229, 459, 687, 2061, 3893, 6183, 11679, 35037, 105111]16
459:105570:[1, 2, 3, 5, 6, 9, 10, 15, 17, 18, 23, 27, 30, 34, 45, 46, 51, 54, 69, 85, 90, 102, 115, 135, 138, 153, 170, 207, 230, 255, 270, 306, 345, 391, 414, 459, 510, 621, 690, 765, 782, 918, 1035, 1173, 1242, 1530, 1955, 2070, 2295, 2346, 3105, 3519, 3910, 4590, 5865, 6210, 7038, 10557, 11730, 17595, 21114, 35190, 52785, 105570]64
460:106030:[1, 2, 5, 10, 23, 46, 115, 230, 461, 922, 2305, 4610, 10603, 21206, 53015, 106030]16
461:106491:[1, 3, 7, 11, 21, 33, 77, 231, 461, 1383, 3227, 5071, 9681, 15213, 35497, 106491]16
462:106953:[1, 3, 7, 11, 21, 33, 77, 231, 463, 1389, 3241, 5093, 9723, 15279, 35651, 106953]16
463:107416:[1, 2, 4, 8, 29, 58, 116, 232, 463, 926, 1852, 3704, 13427, 26854, 53708, 107416]16
464:107880:[1, 2, 3, 4, 5, 6, 8, 10, 12, 15, 20, 24, 29, 30, 31, 40, 58, 60, 62, 87, 93, 116, 120, 124, 145, 155, 174, 186, 232, 248, 290, 310, 348, 372, 435, 465, 580, 620, 696, 744, 870, 899, 930, 1160, 1240, 1740, 1798, 1860, 2697, 3480, 3596, 3720, 4495, 5394, 7192, 8990, 10788, 13485, 17980, 21576, 26970, 35960, 53940, 107880]64
465:108345:[1, 3, 5, 15, 31, 93, 155, 233, 465, 699, 1165, 3495, 7223, 21669, 36115, 108345]16
466:108811:[1, 233, 467, 108811]4
467:109278:[1, 2, 3, 6, 9, 13, 18, 26, 39, 78, 117, 234, 467, 934, 1401, 2802, 4203, 6071, 8406, 12142, 18213, 36426, 54639, 109278]24
468:109746:[1, 2, 3, 6, 7, 9, 13, 14, 18, 21, 26, 39, 42, 63, 67, 78, 91, 117, 126, 134, 182, 201, 234, 273, 402, 469, 546, 603, 819, 871, 938, 1206, 1407, 1638, 1742, 2613, 2814, 4221, 5226, 6097, 7839, 8442, 12194, 15678, 18291, 36582, 54873, 109746]48
469:110215:[1, 5, 7, 35, 47, 67, 235, 329, 335, 469, 1645, 2345, 3149, 15745, 22043, 110215]16
470:110685:[1, 3, 5, 15, 47, 141, 157, 235, 471, 705, 785, 2355, 7379, 22137, 36895, 110685]16
471:111156:[1, 2, 3, 4, 6, 12, 59, 118, 157, 177, 236, 314, 354, 471, 628, 708, 942, 1884, 9263, 18526, 27789, 37052, 55578, 111156]24
472:111628:[1, 2, 4, 11, 22, 43, 44, 59, 86, 118, 172, 236, 473, 649, 946, 1298, 1892, 2537, 2596, 5074, 10148, 27907, 55814, 111628]24
473:112101:[1, 3, 11, 33, 43, 79, 129, 237, 473, 869, 1419, 2607, 3397, 10191, 37367, 112101]16
474:112575:[1, 3, 5, 15, 19, 25, 57, 75, 79, 95, 237, 285, 395, 475, 1185, 1425, 1501, 1975, 4503, 5925, 7505, 22515, 37525, 112575]24
475:113050:[1, 2, 5, 7, 10, 14, 17, 19, 25, 34, 35, 38, 50, 70, 85, 95, 119, 133, 170, 175, 190, 238, 266, 323, 350, 425, 475, 595, 646, 665, 850, 950, 1190, 1330, 1615, 2261, 2975, 3230, 3325, 4522, 5950, 6650, 8075, 11305, 16150, 22610, 56525, 113050]48
476:113526:[1, 2, 3, 6, 7, 9, 14, 17, 18, 21, 34, 42, 51, 53, 63, 102, 106, 119, 126, 153, 159, 238, 306, 318, 357, 371, 477, 714, 742, 901, 954, 1071, 1113, 1802, 2142, 2226, 2703, 3339, 5406, 6307, 6678, 8109, 12614, 16218, 18921, 37842, 56763, 113526]48
477:114003:[1, 3, 9, 53, 159, 239, 477, 717, 2151, 12667, 38001, 114003]12
478:114481:[1, 239, 479, 114481]4
479:114960:[1, 2, 3, 4, 5, 6, 8, 10, 12, 15, 16, 20, 24, 30, 40, 48, 60, 80, 120, 240, 479, 958, 1437, 1916, 2395, 2874, 3832, 4790, 5748, 7185, 7664, 9580, 11496, 14370, 19160, 22992, 28740, 38320, 57480, 114960]40
480:115440:[1, 2, 3, 4, 5, 6, 8, 10, 12, 13, 15, 16, 20, 24, 26, 30, 37, 39, 40, 48, 52, 60, 65, 74, 78, 80, 104, 111, 120, 130, 148, 156, 185, 195, 208, 222, 240, 260, 296, 312, 370, 390, 444, 481, 520, 555, 592, 624, 740, 780, 888, 962, 1040, 1110, 1443, 1480, 1560, 1776, 1924, 2220, 2405, 2886, 2960, 3120, 3848, 4440, 4810, 5772, 7215, 7696, 8880, 9620, 11544, 14430, 19240, 23088, 28860, 38480, 57720, 115440]80
481:115921:[1, 13, 37, 241, 481, 3133, 8917, 115921]8
482:116403:[1, 3, 7, 21, 23, 69, 161, 241, 483, 723, 1687, 5061, 5543, 16629, 38801, 116403]16
483:116886:[1, 2, 3, 6, 7, 11, 14, 21, 22, 23, 33, 42, 46, 66, 69, 77, 121, 138, 154, 161, 231, 242, 253, 322, 363, 462, 483, 506, 726, 759, 847, 966, 1518, 1694, 1771, 2541, 2783, 3542, 5082, 5313, 5566, 8349, 10626, 16698, 19481, 38962, 58443, 116886]48
484:117370:[1, 2, 5, 10, 11, 22, 55, 97, 110, 121, 194, 242, 485, 605, 970, 1067, 1210, 2134, 5335, 10670, 11737, 23474, 58685, 117370]24
485:117855:[1, 3, 5, 9, 15, 27, 45, 81, 97, 135, 243, 291, 405, 485, 873, 1215, 1455, 2619, 4365, 7857, 13095, 23571, 39285, 117855]24
486:118341:[1, 3, 9, 27, 81, 243, 487, 1461, 4383, 13149, 39447, 118341]12
487:118828:[1, 2, 4, 61, 122, 244, 487, 974, 1948, 29707, 59414, 118828]12
488:119316:[1, 2, 3, 4, 6, 12, 61, 122, 163, 183, 244, 326, 366, 489, 652, 732, 978, 1956, 9943, 19886, 29829, 39772, 59658, 119316]24
489:119805:[1, 3, 5, 7, 15, 21, 35, 49, 105, 147, 163, 245, 489, 735, 815, 1141, 2445, 3423, 5705, 7987, 17115, 23961, 39935, 119805]24
490:120295:[1, 5, 7, 35, 49, 245, 491, 2455, 3437, 17185, 24059, 120295]12
491:120786:[1, 2, 3, 6, 41, 82, 123, 246, 491, 982, 1473, 2946, 20131, 40262, 60393, 120786]16
492:121278:[1, 2, 3, 6, 17, 29, 34, 41, 51, 58, 82, 87, 102, 123, 174, 246, 493, 697, 986, 1189, 1394, 1479, 2091, 2378, 2958, 3567, 4182, 7134, 20213, 40426, 60639, 121278]32
493:121771:[1, 13, 17, 19, 29, 221, 247, 323, 377, 493, 551, 4199, 6409, 7163, 9367, 121771]16
494:122265:[1, 3, 5, 9, 11, 13, 15, 19, 33, 39, 45, 55, 57, 65, 95, 99, 117, 143, 165, 171, 195, 209, 247, 285, 429, 495, 585, 627, 715, 741, 855, 1045, 1235, 1287, 1881, 2145, 2223, 2717, 3135, 3705, 6435, 8151, 9405, 11115, 13585, 24453, 40755, 122265]48
495:122760:[1, 2, 3, 4, 5, 6, 8, 9, 10, 11, 12, 15, 18, 20, 22, 24, 30, 31, 33, 36, 40, 44, 45, 55, 60, 62, 66, 72, 88, 90, 93, 99, 110, 120, 124, 132, 155, 165, 180, 186, 198, 220, 248, 264, 279, 310, 330, 341, 360, 372, 396, 440, 465, 495, 558, 620, 660, 682, 744, 792, 930, 990, 1023, 1116, 1240, 1320, 1364, 1395, 1705, 1860, 1980, 2046, 2232, 2728, 2790, 3069, 3410, 3720, 3960, 4092, 5115, 5580, 6138, 6820, 8184, 10230, 11160, 12276, 13640, 15345, 20460, 24552, 30690, 40920, 61380, 122760]96
496:123256:[1, 2, 4, 7, 8, 14, 28, 31, 56, 62, 71, 124, 142, 217, 248, 284, 434, 497, 568, 868, 994, 1736, 1988, 2201, 3976, 4402, 8804, 15407, 17608, 30814, 61628, 123256]32
497:123753:[1, 3, 7, 21, 71, 83, 213, 249, 497, 581, 1491, 1743, 5893, 17679, 41251, 123753]16
498:124251:[1, 3, 83, 249, 499, 1497, 41417, 124251]8
499:124750:[1, 2, 5, 10, 25, 50, 125, 250, 499, 998, 2495, 4990, 12475, 24950, 62375, 124750]16
